    0.9151    0.0161    0.0290    0.0202    0.0196
    0.0032    0.9867    0.0034    0.0031    0.0036
    0.0020    0.0015    0.0022    0.0021    0.9921
    0.9566    0.0072    0.0174    0.0095    0.0093
    0.9569    0.0073    0.0166    0.0092    0.0099
    0.9486    0.0080    0.0223    0.0104    0.0106
    0.9342    0.0076    0.0384    0.0098    0.0100
    0.0020    0.0015    0.0022    0.0021    0.9921
    0.8786    0.0833    0.0132    0.0103    0.0146
    0.9572    0.0074    0.0164    0.0097    0.0094
    0.8763    0.0854    0.0133    0.0104    0.0147
    0.9562    0.0076    0.0161    0.0096    0.0103
    0.9400    0.0258    0.0129    0.0093    0.0120
    0.9596    0.0072    0.0143    0.0093    0.0096
    0.9558    0.0074    0.0176    0.0096    0.0095
    0.9575    0.0071    0.0170    0.0091    0.0093
    0.9514    0.0081    0.0191    0.0100    0.0114
    0.9583    0.0073    0.0153    0.0094    0.0098
    0.9550    0.0075    0.0181    0.0097    0.0097
    0.9064    0.0176    0.0316    0.0226    0.0218
    0.9624    0.0069    0.0124    0.0089    0.0095
    0.9594    0.0069    0.0160    0.0089    0.0087
    0.9606    0.0069    0.0143    0.0089    0.0092
    0.9621    0.0069    0.0127    0.0089    0.0094
    0.9583    0.0068    0.0172    0.0089    0.0088
    0.9377    0.0073    0.0363    0.0094    0.0093
    0.9624    0.0069    0.0125    0.0090    0.0093
    0.0018    0.0014    0.9933    0.0018    0.0017
    0.0020    0.0015    0.0022    0.0021    0.9921
    0.9557    0.0080    0.0155    0.0098    0.0110
    0.9549    0.0080    0.0155    0.0102    0.0113
    0.9616    0.0071    0.0121    0.0091    0.0100
    0.0032    0.9867    0.0034    0.0031    0.0036
    0.9538    0.0074    0.0194    0.0097    0.0096
    0.1225    0.0066    0.8541    0.0085    0.0084
    0.9539    0.0078    0.0177    0.0100    0.0106
    0.9365    0.0295    0.0128    0.0094    0.0118
    0.0175    0.0049    0.9651    0.0063    0.0062
    0.0264    0.0055    0.0089    0.0073    0.9518
    0.9619    0.0071    0.0123    0.0090    0.0097
    0.9552    0.0074    0.0186    0.0095    0.0093
    0.9606    0.0070    0.0139    0.0089    0.0095
    0.0096    0.0042    0.0067    0.9738    0.0057
    0.9608    0.0073    0.0123    0.0093    0.0103
    0.9582    0.0075    0.0148    0.0095    0.0101
    0.9591    0.0073    0.0146    0.0090    0.0100
    0.9610    0.0067    0.0144    0.0089    0.0091
    0.9628    0.0068    0.0122    0.0087    0.0094
    0.9265    0.0129    0.0273    0.0165    0.0167
    0.9598    0.0075    0.0125    0.0096    0.0106
    0.0032    0.9867    0.0034    0.0031    0.0036
    0.9594    0.0067    0.0167    0.0086    0.0086
    0.9263    0.0119    0.0231    0.0199    0.0187
    0.9547    0.0073    0.0189    0.0095    0.0095
    0.0078    0.0036    0.9795    0.0047    0.0045
    0.9600    0.0070    0.0146    0.0091    0.0093
    0.0032    0.9867    0.0034    0.0031    0.0036
    0.0138    0.0044    0.9704    0.0057    0.0056
    0.0028    0.0021    0.0038    0.0028    0.9885
    0.0032    0.9867    0.0034    0.0031    0.0036
    0.9108    0.0161    0.0328    0.0206    0.0199
    0.9572    0.0076    0.0152    0.0095    0.0105
    0.9568    0.0070    0.0182    0.0091    0.0089
    0.9564    0.0074    0.0170    0.0097    0.0095
    0.0097    0.0040    0.9759    0.0052    0.0053
    0.0076    0.0055    0.9728    0.0066    0.0075
    0.0032    0.9867    0.0034    0.0031    0.0036
    0.9529    0.0080    0.0184    0.0105    0.0102
    0.9105    0.0529    0.0129    0.0100    0.0138
    0.0169    0.0048    0.9658    0.0063    0.0062
    0.9263    0.0119    0.0231    0.0199    0.0187
    0.9621    0.0070    0.0124    0.0089    0.0096
    0.9263    0.0119    0.0231    0.0199    0.0187
    0.9644    0.0065    0.0120    0.0084    0.0087
    0.0035    0.0024    0.0035    0.0033    0.9874
    0.9545    0.0072    0.0196    0.0094    0.0092
    0.9534    0.0080    0.0174    0.0101    0.0111
    0.9629    0.0067    0.0126    0.0088    0.0090
    0.0195    0.0053    0.9617    0.0069    0.0067
    0.9625    0.0067    0.0125    0.0089    0.0093
    0.8764    0.0853    0.0132    0.0104    0.0147
    0.9583    0.0073    0.0151    0.0094    0.0100
    0.9574    0.0073    0.0167    0.0093    0.0092
    0.9498    0.0073    0.0237    0.0097    0.0095
    0.9636    0.0067    0.0120    0.0086    0.0091
    0.0035    0.0085    0.0037    0.0034    0.9808
    0.9610    0.0069    0.0145    0.0088    0.0088
    0.9631    0.0065    0.0135    0.0083    0.0086
    0.0097    0.0039    0.9766    0.0050    0.0048
    0.9622    0.0071    0.0119    0.0090    0.0098
    0.9356    0.0283    0.0128    0.0099    0.0134
    0.9607    0.0067    0.0152    0.0087    0.0086
    0.0138    0.0043    0.9707    0.0056    0.0056
    0.9625    0.0067    0.0131    0.0087    0.0090
    0.9483    0.0090    0.0190    0.0110    0.0128
    0.9619    0.0071    0.0123    0.0090    0.0098
    0.0442    0.9197    0.0126    0.0097    0.0138
    0.9583    0.0077    0.0138    0.0095    0.0108
    0.0037    0.0116    0.0038    0.9770    0.0039
    0.9108    0.0161    0.0328    0.0206    0.0199
    0.9022    0.0606    0.0130    0.0101    0.0140
    0.9495    0.0072    0.0249    0.0092    0.0092
    0.9516    0.0071    0.0229    0.0093    0.0091
    0.9561    0.0074    0.0174    0.0095    0.0097
    0.9518    0.0078    0.0203    0.0100    0.0102
    0.9329    0.0092    0.0339    0.0120    0.0120
    0.9571    0.0072    0.0172    0.0092    0.0092
    0.0186    0.0051    0.9633    0.0067    0.0064
    0.9530    0.0077    0.0191    0.0101    0.0102
    0.0095    0.0041    0.9759    0.0053    0.0052
    0.0016    0.0013    0.0018    0.9937    0.0016
    0.0578    0.9045    0.0132    0.0100    0.0144
    0.9509    0.0080    0.0202    0.0103    0.0106
    0.0032    0.9867    0.0034    0.0031    0.0036
    0.9601    0.0076    0.0122    0.0093    0.0108
    0.9603    0.0066    0.0160    0.0086    0.0085
    0.9320    0.0078    0.0399    0.0100    0.0103
    0.9569    0.0072    0.0172    0.0093    0.0093
    0.9572    0.0072    0.0171    0.0090    0.0095
    0.9519    0.0074    0.0217    0.0096    0.0095
    0.9625    0.0066    0.0135    0.0085    0.0089
    0.9559    0.0074    0.0169    0.0096    0.0101
    0.9532    0.0072    0.0208    0.0095    0.0093
    0.9577    0.0072    0.0166    0.0093    0.0093
    0.9613    0.0069    0.0138    0.0088    0.0091
    0.8932    0.0198    0.0370    0.0254    0.0245
    0.9599    0.0075    0.0125    0.0095    0.0106
    0.0020    0.0015    0.0022    0.0021    0.9921
    0.9543    0.0079    0.0171    0.0099    0.0107
    0.0018    0.0014    0.9933    0.0018    0.0017
    0.9552    0.0075    0.0175    0.0094    0.0103
    0.9586    0.0070    0.0165    0.0091    0.0088
    0.0032    0.9867    0.0034    0.0031    0.0036
    0.0243    0.0058    0.9548    0.0074    0.0076
    0.8677    0.0074    0.1059    0.0097    0.0094
    0.9551    0.0078    0.0166    0.0098    0.0107
    0.9539    0.0075    0.0192    0.0098    0.0096
    0.0032    0.9867    0.0034    0.0031    0.0036
    0.0032    0.9867    0.0034    0.0031    0.0036
    0.9604    0.0071    0.0141    0.0091    0.0094
    0.0032    0.9867    0.0034    0.0031    0.0036
    0.9108    0.0161    0.0328    0.0206    0.0199
    0.0032    0.9867    0.0034    0.0031    0.0036
    0.9618    0.0068    0.0134    0.0088    0.0091
    0.9524    0.0080    0.0185    0.0099    0.0112
    0.0024    0.0018    0.0027    0.9907    0.0023
    0.9589    0.0076    0.0132    0.0097    0.0106
    0.9573    0.0073    0.0158    0.0098    0.0097
    0.9642    0.0065    0.0123    0.0083    0.0087
    0.9648    0.0064    0.0118    0.0083    0.0088
    0.9559    0.0073    0.0177    0.0095    0.0096
    0.9629    0.0068    0.0121    0.0088    0.0094
    0.9621    0.0069    0.0124    0.0090    0.0095
    0.0075    0.0035    0.9799    0.0046    0.0044
    0.9523    0.0079    0.0192    0.0103    0.0102
    0.9568    0.0068    0.0187    0.0089    0.0088
    0.8524    0.0238    0.0452    0.0566    0.0220
    0.9566    0.0072    0.0178    0.0093    0.0091
    0.9518    0.0084    0.0178    0.0106    0.0114
    0.9603    0.0074    0.0124    0.0095    0.0104
    0.9602    0.0070    0.0140    0.0090    0.0098
    0.9599    0.0075    0.0125    0.0095    0.0106
    0.0016    0.0013    0.0018    0.9937    0.0016
    0.9560    0.0076    0.0166    0.0098    0.0100
    0.9605    0.0073    0.0128    0.0093    0.0100
    0.9610    0.0073    0.0123    0.0093    0.0102
    0.9627    0.0069    0.0121    0.0088    0.0095
    0.0249    0.0052    0.9566    0.0068    0.0066
    0.9628    0.0068    0.0126    0.0087    0.0091
    0.0035    0.0085    0.0037    0.0034    0.9808
    0.9545    0.0073    0.0190    0.0092    0.0099
    0.0016    0.0013    0.0018    0.9937    0.0016
    0.0016    0.0013    0.0018    0.9937    0.0016
    0.9629    0.0068    0.0122    0.0087    0.0094
    0.9608    0.0072    0.0128    0.0093    0.0098
    0.0020    0.0015    0.0022    0.0021    0.9921
    0.9623    0.0070    0.0124    0.0089    0.0094
    0.0022    0.0017    0.9917    0.0022    0.0021
    0.9027    0.0602    0.0129    0.0101    0.0140
    0.0097    0.0042    0.9753    0.0054    0.0054
    0.0032    0.9867    0.0034    0.0031    0.0036
    0.9610    0.0071    0.0131    0.0091    0.0097
    0.0020    0.0015    0.0022    0.0021    0.9921
    0.9489    0.0084    0.0207    0.0109    0.0112
    0.9633    0.0068    0.0119    0.0087    0.0094
    0.9598    0.0075    0.0126    0.0096    0.0106
    0.0173    0.0046    0.9661    0.0060    0.0059
    0.0030    0.0022    0.0032    0.9524    0.0392
    0.0032    0.9867    0.0034    0.0031    0.0036
    0.9602    0.0070    0.0148    0.0090    0.0091
    0.0032    0.9867    0.0034    0.0031    0.0036
    0.0020    0.0015    0.0022    0.0021    0.9921
    0.9598    0.0075    0.0126    0.0096    0.0106
    0.0166    0.0057    0.9630    0.0072    0.0075
    0.9067    0.0174    0.0322    0.0223    0.0215
    0.0306    0.0174    0.0101    0.0084    0.9335
    0.9618    0.0072    0.0118    0.0090    0.0102
    0.9630    0.0066    0.0124    0.0088    0.0091
    0.9580    0.0070    0.0169    0.0090    0.0091
    0.9626    0.0066    0.0137    0.0085    0.0087
    0.9630    0.0068    0.0120    0.0087    0.0094
    0.0035    0.0085    0.0037    0.0034    0.9808
    0.0124    0.0045    0.9714    0.0059    0.0057
    0.9521    0.0094    0.0139    0.0121    0.0124
    0.0076    0.0055    0.9728    0.0066    0.0075
    0.0020    0.0015    0.0022    0.0021    0.9921
    0.0018    0.0014    0.9933    0.0018    0.0017
    0.9622    0.0068    0.0135    0.0086    0.0090
    0.9545    0.0079    0.0171    0.0099    0.0106
    0.0035    0.0085    0.0037    0.0034    0.9808
    0.9576    0.0074    0.0158    0.0095    0.0097
    0.9577    0.0073    0.0160    0.0095    0.0095
    0.0018    0.0014    0.9933    0.0018    0.0017
    0.9577    0.0074    0.0161    0.0092    0.0097
    0.9155    0.0478    0.0130    0.0100    0.0137
    0.9527    0.0078    0.0194    0.0101    0.0099
    0.9638    0.0065    0.0124    0.0084    0.0089
    0.9608    0.0073    0.0123    0.0093    0.0103
    0.9615    0.0071    0.0128    0.0090    0.0096
    0.0020    0.0015    0.0022    0.0021    0.9921
    0.0157    0.0047    0.9675    0.0061    0.0061
    0.9589    0.0076    0.0132    0.0098    0.0105
    0.9618    0.0066    0.0146    0.0085    0.0085
    0.9361    0.0122    0.0218    0.0152    0.0147
    0.9053    0.0578    0.0129    0.0101    0.0139
    0.0587    0.9046    0.0129    0.0098    0.0140
    0.0349    0.0063    0.0101    0.0083    0.9404
    0.9654    0.0062    0.0123    0.0080    0.0081
    0.9586    0.0072    0.0153    0.0093    0.0096
    0.9518    0.0085    0.0179    0.0110    0.0109
    0.9561    0.0070    0.0186    0.0092    0.0091
    0.9637    0.0066    0.0121    0.0086    0.0090
    0.9544    0.0075    0.0178    0.0094    0.0109
    0.9488    0.0087    0.0198    0.0114    0.0113
    0.9617    0.0069    0.0135    0.0089    0.0090
    0.9511    0.0087    0.0173    0.0108    0.0121
    0.0016    0.0013    0.0018    0.9937    0.0016
    0.9522    0.0081    0.0189    0.0104    0.0104
    0.9532    0.0074    0.0201    0.0097    0.0096
    0.9495    0.0078    0.0225    0.0101    0.0101
    0.9615    0.0072    0.0121    0.0091    0.0100
    0.9627    0.0069    0.0121    0.0088    0.0094
    0.9567    0.0067    0.0194    0.0087    0.0085
    0.0032    0.9867    0.0034    0.0031    0.0036
    0.0076    0.0055    0.9728    0.0066    0.0075
    0.9500    0.0077    0.0220    0.0101    0.0102
    0.0277    0.0061    0.9506    0.0077    0.0080
    0.9535    0.0077    0.0185    0.0100    0.0104
    0.9563    0.0074    0.0171    0.0095    0.0096
    0.9472    0.0075    0.0260    0.0096    0.0097
    0.9460    0.0085    0.0235    0.0111    0.0110
    0.9625    0.0069    0.0122    0.0088    0.0096
    0.9263    0.0119    0.0231    0.0199    0.0187
    0.9539    0.0082    0.0164    0.0101    0.0115
    0.9600    0.0075    0.0125    0.0095    0.0105
    0.0176    0.0051    0.9638    0.0067    0.0068
    0.0020    0.0015    0.0022    0.0021    0.9921
    0.9580    0.0073    0.0159    0.0094    0.0094
    0.0020    0.0015    0.0022    0.0021    0.9921
    0.9577    0.0072    0.0166    0.0093    0.0092
    0.0046    0.0101    0.0046    0.0534    0.9274
    0.9108    0.0161    0.0328    0.0206    0.0199
    0.9103    0.0168    0.0305    0.0216    0.0208
    0.9518    0.0080    0.0190    0.0102    0.0110
    0.9649    0.0061    0.0132    0.0079    0.0079
    0.9103    0.0168    0.0305    0.0216    0.0208
    0.0035    0.0085    0.0037    0.0034    0.9808
    0.9618    0.0068    0.0137    0.0086    0.0090
    0.9505    0.0082    0.0198    0.0108    0.0108
    0.9147    0.0160    0.0291    0.0205    0.0197
    0.9537    0.0075    0.0195    0.0096    0.0097
    0.0016    0.0013    0.0018    0.9937    0.0016
    0.9612    0.0069    0.0136    0.0090    0.0093
    0.0016    0.0013    0.0018    0.9937    0.0016
    0.9619    0.0070    0.0127    0.0089    0.0095
    0.9067    0.0174    0.0322    0.0223    0.0215
    0.9533    0.0076    0.0193    0.0098    0.0101
    0.9623    0.0068    0.0125    0.0090    0.0094
    0.0406    0.9234    0.0125    0.0096    0.0138
    0.0032    0.9867    0.0034    0.0031    0.0036
    0.0032    0.9867    0.0034    0.0031    0.0036
    0.9528    0.0080    0.0180    0.0102    0.0110
    0.9579    0.0077    0.0143    0.0095    0.0106
    0.9654    0.0062    0.0120    0.0081    0.0083
    0.9539    0.0078    0.0180    0.0100    0.0103
    0.9551    0.0076    0.0179    0.0098    0.0096
    0.0032    0.9867    0.0034    0.0031    0.0036
    0.9237    0.0147    0.0260    0.0181    0.0175
    0.9553    0.0075    0.0180    0.0097    0.0095
    0.9534    0.0077    0.0187    0.0099    0.0102
    0.9582    0.0067    0.0177    0.0088    0.0087
    0.9643    0.0064    0.0123    0.0084    0.0086
    0.8773    0.0070    0.0978    0.0089    0.0091
    0.9516    0.0074    0.0218    0.0096    0.0096
    0.9604    0.0074    0.0123    0.0094    0.0104
    0.9615    0.0071    0.0123    0.0091    0.0099
    0.9637    0.0066    0.0123    0.0084    0.0089
    0.9076    0.0554    0.0130    0.0100    0.0139
    0.0320    0.0109    0.9291    0.0144    0.0136
    0.9548    0.0076    0.0181    0.0097    0.0099
    0.0045    0.9819    0.0046    0.0042    0.0048
    0.9631    0.0064    0.0137    0.0083    0.0085
    0.9263    0.0119    0.0231    0.0199    0.0187
    0.0029    0.0021    0.0031    0.9893    0.0027
    0.9588    0.0072    0.0149    0.0093    0.0096
    0.9471    0.0078    0.0249    0.0100    0.0102
    0.0018    0.0014    0.9933    0.0018    0.0017
    0.9469    0.0074    0.0265    0.0096    0.0095
    0.9563    0.0073    0.0175    0.0095    0.0094
    0.9534    0.0077    0.0185    0.0100    0.0104
    0.9263    0.0119    0.0231    0.0199    0.0187
    0.9022    0.0607    0.0130    0.0101    0.0140
    0.9556    0.0077    0.0165    0.0098    0.0104
    0.0044    0.9810    0.0058    0.0040    0.0049
    0.9604    0.0073    0.0130    0.0093    0.0100
    0.9570    0.0076    0.0158    0.0098    0.0099
    0.9573    0.0075    0.0158    0.0097    0.0097
    0.0401    0.0062    0.9381    0.0079    0.0078
    0.8774    0.0844    0.0132    0.0104    0.0146
    0.9631    0.0068    0.0125    0.0086    0.0090
    0.0018    0.0014    0.9933    0.0018    0.0017
    0.9138    0.0496    0.0130    0.0100    0.0137
    0.0616    0.0067    0.9146    0.0086    0.0086
    0.9508    0.0080    0.0204    0.0103    0.0104
    0.9486    0.0088    0.0196    0.0115    0.0115
    0.9548    0.0076    0.0181    0.0097    0.0099
    0.7750    0.0078    0.1974    0.0097    0.0100
    0.0200    0.0055    0.9599    0.0073    0.0073
    0.9550    0.0072    0.0193    0.0093    0.0092
    0.9615    0.0068    0.0143    0.0088    0.0086
    0.9564    0.0073    0.0175    0.0093    0.0096
    0.9504    0.0082    0.0201    0.0106    0.0107
    0.0032    0.9867    0.0034    0.0031    0.0036
    0.0018    0.0014    0.9933    0.0018    0.0017
    0.9263    0.0119    0.0231    0.0199    0.0187
    0.9067    0.0174    0.0322    0.0223    0.0215
    0.9597    0.0074    0.0133    0.0095    0.0101
    0.0032    0.9867    0.0034    0.0031    0.0036
    0.9513    0.0081    0.0188    0.0107    0.0111
    0.8953    0.0071    0.0794    0.0091    0.0091
    0.0775    0.0067    0.8985    0.0085    0.0088
    0.8821    0.0798    0.0133    0.0103    0.0145
    0.8825    0.0818    0.0123    0.0097    0.0137
    0.9498    0.0090    0.0163    0.0115    0.0133
    0.9645    0.0064    0.0123    0.0083    0.0085
    0.9644    0.0065    0.0118    0.0084    0.0089
    0.9568    0.0072    0.0175    0.0092    0.0093
    0.0454    0.0149    0.0262    0.8950    0.0185
    0.9292    0.0146    0.0242    0.0163    0.0157
    0.0018    0.0014    0.9933    0.0018    0.0017
    0.9064    0.0176    0.0316    0.0226    0.0218
    0.0130    0.0044    0.9711    0.0058    0.0057
    0.9521    0.0075    0.0206    0.0099    0.0099
    0.9634    0.0065    0.0132    0.0084    0.0085
    0.9500    0.0090    0.0163    0.0114    0.0133
    0.0177    0.0051    0.9640    0.0066    0.0065
    0.9549    0.0074    0.0183    0.0096    0.0097
    0.9567    0.0079    0.0146    0.0100    0.0109
    0.9629    0.0068    0.0120    0.0087    0.0094
    0.8524    0.0238    0.0452    0.0566    0.0220
    0.8932    0.0198    0.0370    0.0254    0.0245
    0.9630    0.0068    0.0122    0.0087    0.0093
    0.0035    0.0085    0.0037    0.0034    0.9808
    0.9627    0.0067    0.0133    0.0085    0.0089
    0.9648    0.0065    0.0116    0.0083    0.0088
    0.0035    0.0085    0.0037    0.0034    0.9808
    0.8764    0.0853    0.0132    0.0104    0.0147
    0.9634    0.0065    0.0131    0.0083    0.0087
    0.9567    0.0069    0.0185    0.0090    0.0089
    0.8524    0.0238    0.0452    0.0566    0.0220
    0.9534    0.0079    0.0179    0.0099    0.0109
    0.0020    0.0015    0.0022    0.0021    0.9921
    0.0016    0.0013    0.0018    0.9937    0.0016
    0.9569    0.0073    0.0168    0.0095    0.0095
    0.9567    0.0069    0.0186    0.0090    0.0089
    0.9142    0.0156    0.0310    0.0199    0.0192
    0.0018    0.0014    0.9933    0.0018    0.0017
    0.0018    0.0014    0.9933    0.0018    0.0017
    0.9103    0.0168    0.0305    0.0216    0.0208
    0.8655    0.0222    0.0564    0.0284    0.0275
    0.9612    0.0072    0.0122    0.0092    0.0101
    0.0032    0.9867    0.0034    0.0031    0.0036
    0.9545    0.0083    0.0158    0.0104    0.0111
    0.8889    0.0733    0.0132    0.0103    0.0144
    0.9614    0.0069    0.0134    0.0089    0.0093
    0.9584    0.0070    0.0168    0.0090    0.0088
    0.0032    0.9867    0.0034    0.0031    0.0036
    0.9571    0.0069    0.0182    0.0090    0.0089
    0.9294    0.0140    0.0247    0.0163    0.0157
    0.9564    0.0073    0.0173    0.0096    0.0094
    0.9626    0.0068    0.0127    0.0087    0.0092
    0.8764    0.0853    0.0132    0.0104    0.0147
    0.9593    0.0072    0.0148    0.0091    0.0096
    0.9547    0.0077    0.0176    0.0100    0.0100
    0.9518    0.0089    0.0160    0.0113    0.0120
    0.0217    0.0051    0.9601    0.0066    0.0066
    0.9537    0.0078    0.0183    0.0100    0.0102
    0.9292    0.0146    0.0242    0.0163    0.0157
    0.0236    0.0057    0.9561    0.0073    0.0073
    0.9468    0.0072    0.0275    0.0094    0.0091
    0.0032    0.9867    0.0034    0.0031    0.0036
    0.9580    0.0069    0.0174    0.0088    0.0089
    0.0016    0.0013    0.0018    0.9937    0.0016
    0.9531    0.0083    0.0168    0.0103    0.0115
    0.9525    0.0084    0.0171    0.0106    0.0115
    0.9567    0.0073    0.0172    0.0094    0.0094
    0.9576    0.0073    0.0160    0.0094    0.0096
    0.9562    0.0078    0.0161    0.0098    0.0102
    0.9573    0.0072    0.0168    0.0093    0.0093
    0.9562    0.0079    0.0155    0.0101    0.0104
    0.9433    0.0071    0.0310    0.0094    0.0092
    0.9576    0.0076    0.0150    0.0096    0.0102
    0.8917    0.0195    0.0397    0.0250    0.0241
    0.9538    0.0078    0.0183    0.0101    0.0100
    0.8895    0.0195    0.0415    0.0250    0.0245
    0.9575    0.0075    0.0158    0.0097    0.0095
    0.9568    0.0079    0.0146    0.0098    0.0109
    0.0032    0.9867    0.0034    0.0031    0.0036
    0.0016    0.0013    0.0018    0.9937    0.0016
    0.0032    0.9867    0.0034    0.0031    0.0036
    0.9532    0.0084    0.0165    0.0107    0.0113
    0.0032    0.9867    0.0034    0.0031    0.0036
    0.0016    0.0013    0.0018    0.9937    0.0016
    0.0046    0.0101    0.0046    0.0534    0.9274
    0.0050    0.9810    0.0048    0.0042    0.0050
    0.0076    0.0055    0.9728    0.0066    0.0075
    0.9064    0.0176    0.0316    0.0226    0.0218
    0.9541    0.0082    0.0162    0.0103    0.0112
    0.9533    0.0072    0.0209    0.0093    0.0093
    0.0020    0.0015    0.0022    0.0021    0.9921
    0.9526    0.0083    0.0177    0.0105    0.0109
    0.9592    0.0069    0.0162    0.0089    0.0088
    0.9548    0.0073    0.0184    0.0098    0.0097
    0.8927    0.0197    0.0378    0.0252    0.0247
    0.0032    0.9867    0.0034    0.0031    0.0036
    0.0032    0.9867    0.0034    0.0031    0.0036
    0.9311    0.0131    0.0230    0.0166    0.0162
    0.9541    0.0073    0.0195    0.0093    0.0098
    0.9565    0.0067    0.0191    0.0088    0.0089
    0.9574    0.0072    0.0168    0.0093    0.0093
    0.9578    0.0071    0.0168    0.0091    0.0092
    0.9548    0.0075    0.0180    0.0098    0.0099
    0.9586    0.0071    0.0153    0.0093    0.0096
    0.9587    0.0071    0.0160    0.0091    0.0091
    0.0016    0.0013    0.0018    0.9937    0.0016
    0.0018    0.0014    0.9933    0.0018    0.0017
    0.9531    0.0076    0.0196    0.0098    0.0099
    0.9593    0.0069    0.0159    0.0091    0.0089
    0.0211    0.0055    0.9594    0.0071    0.0070
    0.9248    0.0141    0.0258    0.0179    0.0174
    0.8985    0.0178    0.0388    0.0228    0.0220
    0.9575    0.0071    0.0173    0.0091    0.0091
    0.0035    0.0085    0.0037    0.0034    0.9808
    0.0022    0.0016    0.0024    0.9917    0.0021
    0.9496    0.0079    0.0223    0.0101    0.0102
    0.0032    0.9867    0.0034    0.0031    0.0036
    0.9539    0.0080    0.0175    0.0103    0.0104
    0.0032    0.9867    0.0034    0.0031    0.0036
    0.0030    0.0022    0.0032    0.9524    0.0392