[[0.03519756698613167, 0.017745177637000766, 0.025899426490510875, 0.018194654831988472, 0.8884188245463199, 0.014544349508048317], [0.005380994716283826, 0.003541560206993159, 0.0034033880677491394, 0.0029676159549382967, 0.003440461297920428, 0.9812659797561151], [0.0036021738642489586, 0.9883662816110387, 0.0022739570136028208, 0.0020344232006799857, 0.002188037546194583, 0.0015351267642351237], [0.019201803756798905, 0.008313124391026496, 0.014823323201005458, 0.008415182470283994, 0.9427323782944604, 0.006514187886424728], [0.01611464150219741, 0.008713863244385061, 0.013874437169006201, 0.00810641125828319, 0.9466819889379108, 0.006508657888217374], [0.019765467568948137, 0.009384216827688184, 0.018295744180989768, 0.009194331674647779, 0.936170742607599, 0.007189497140127066], [0.017893815438094436, 0.008862530441087176, 0.027930176839030558, 0.008681519958267669, 0.9298040920486174, 0.006827865274902837], [0.0036021737699923058, 0.988366281954289, 0.002273956927757058, 0.0020344231485673226, 0.002188037475040405, 0.0015351267243539132], [0.017641851153716942, 0.012287265021523741, 0.01165068323145724, 0.009067693484012422, 0.9101979026696506, 0.03915460443963905], [0.018920411724249818, 0.008403913328802083, 0.014090369187979545, 0.008611101356846758, 0.9432896754788616, 0.006684528923260254], [0.017680206536455023, 0.012323842019756991, 0.011728602441572469, 0.009086178790048232, 0.9095298233158267, 0.03965134689634057], [0.017044225834024464, 0.009079607430121888, 0.013681338371851835, 0.008496793878509943, 0.9448738205321436, 0.006824213953348123], [0.016324092106814337, 0.010257075177647424, 0.011233784515933947, 0.00817523217422552, 0.9354395605845311, 0.018570255440847665], [0.016292596455583848, 0.008506918709233854, 0.012135682218308814, 0.008182972250792538, 0.9484148979397846, 0.006466932426296254], [0.02064593797794608, 0.008520418027292044, 0.014981868239039138, 0.00851987551644465, 0.9406540147827325, 0.006677885456545695], [0.01599300463696122, 0.0082014237729569, 0.01392719244054399, 0.00801464645973437, 0.9474828913113266, 0.006380841378476971], [0.016707431337577093, 0.00986736453903615, 0.01579502390064232, 0.008755888719099667, 0.9416885200208005, 0.007185771482844239], [0.01759852574090651, 0.008670693680373456, 0.013242058692931867, 0.00833671405149441, 0.945599531770514, 0.006552476063779678], [0.01803076616423508, 0.008641889147408901, 0.015241998581633366, 0.00860024933867902, 0.9427406429468549, 0.006744453821188837], [0.9980184736741792, 3.871944959139173E-4, 4.607537979095396E-4, 3.9993467080540044E-4, 4.192325298984888E-4, 3.144108312933944E-4], [0.0164075868972624, 0.008349327206410564, 0.010892711710495091, 0.007840903065293356, 0.9503364196046473, 0.006173051515891202], [0.016827529869943597, 0.007768944441286366, 0.013286214829179332, 0.007896880416311815, 0.9479886122767556, 0.006231818166523198], [0.016197701301030057, 0.008174616631078218, 0.01225135578714525, 0.00785372237986382, 0.9493113776615983, 0.006211226239284241], [0.01610063822923845, 0.00829777000887094, 0.011110672533124989, 0.007841224276126005, 0.9504779739497649, 0.006171721002874681], [0.016025903061769042, 0.007807899627209827, 0.014042855574389022, 0.007832078568041363, 0.9481576206816866, 0.006133642486904159], [0.018986009799409825, 0.008298060684718734, 0.02673419762291592, 0.008380424819668936, 0.9309940828575355, 0.0066072242157510465], [0.016770201938006987, 0.008239110402942609, 0.011003886815257652, 0.007936234784982038, 0.9498568491123601, 0.0061937169464505], [0.0031622049321418846, 0.0016629738861024985, 0.9902175788690223, 0.0017173458114703704, 0.001889589430282274, 0.0013503070709806953], [0.0036021738911256184, 0.9883662814662943, 0.0022739570063998044, 0.0020344232194056465, 0.0021880375614294575, 0.0015351268553451946], [0.01829781954195229, 0.009593920331420196, 0.013171341316931748, 0.008588751503830797, 0.943229376289935, 0.007118791015929952], [0.017768312825565513, 0.009787878834716579, 0.01316946645484386, 0.008870617863234977, 0.9433181056827795, 0.00708561833885948], [0.9874335725348187, 0.002317951052598047, 0.002770339397994577, 0.002319504210358999, 0.0033297617741695697, 0.0018288710300602533], [0.005380993725906631, 0.0035415595870925544, 0.003403387331565275, 0.002967615432897324, 0.003440460267020489, 0.9812659836555178], [0.018629129089809512, 0.008589704937033127, 0.016103374893477414, 0.008596303095337455, 0.9414188045715262, 0.0066626834128163176], [0.01630978461215649, 0.007898317465473825, 0.138025198954885, 0.007904933056987064, 0.8236246920598105, 0.0062370738506871155], [0.018259215640944595, 0.009349850215359102, 0.014918188665637828, 0.008766338058558535, 0.941742992771538, 0.006963414647962058], [0.016687309006847444, 0.010209217417014502, 0.01121761956773408, 0.008296784831295177, 0.9328482817437667, 0.020740787433341994], [0.012460498471139708, 0.00615130355341388, 0.946762083336949, 0.0061372270221172875, 0.02365798872522327, 0.004830898891156767], [0.013829256606704162, 0.9208060853956545, 0.009010423907978996, 0.007225905248636884, 0.04359665562699703, 0.005531673214028511], [0.016219317233652487, 0.008555165952292776, 0.010816557184852514, 0.00798249951923608, 0.9500777411400161, 0.006348718969950053], [0.01759117412230282, 0.008332529404812675, 0.015298454787992926, 0.008449968780683754, 0.9437104613374814, 0.006617411566726451], [0.01605063150067307, 0.008400611393643424, 0.012083848320620294, 0.00788573394772972, 0.949314154557064, 0.006265020280269516], [0.01013312455113822, 0.0057112478510918385, 0.006832338906614322, 0.960993332486645, 0.012101920913949587, 0.004228035290560966], [0.016565305871956024, 0.008981854622959775, 0.010889151925581077, 0.00819971547114458, 0.9488344049609507, 0.0065295671474079], [0.016695530796314622, 0.008845421818006127, 0.01260099184000419, 0.008327216650504751, 0.9468136067638268, 0.0067172321313435516], [0.015715666223801807, 0.008723476992308691, 0.012412733357259727, 0.007936531460036976, 0.9487024993148068, 0.006509092651786067], [0.031343340725700275, 0.008043339770535795, 0.012283981451633924, 0.007813658638951693, 0.934478422169763, 0.00603725724341527], [0.015820580321147595, 0.008260467356716166, 0.01070759710443041, 0.007696895646969565, 0.9513902295067383, 0.0061242300639979975], [0.029279816552218202, 0.014912728405976928, 0.023571429472768378, 0.014690866548146372, 0.9059089892800724, 0.011636169740817852], [0.01700104991401171, 0.009254921636609566, 0.011070738740922065, 0.008405519392724953, 0.947572307818984, 0.006695462496747718], [0.005380993999054521, 0.0035415597661927535, 0.003403387587855876, 0.002967615586016349, 0.0034404605475277525, 0.9812659825133528], [0.01534132536711007, 0.007650474342286126, 0.013662802113730749, 0.007566069425587932, 0.9497731447993887, 0.006006183951896405], [0.025969258900739423, 0.016625120222862243, 0.020555182931730812, 0.01743604093196198, 0.9085600882728929, 0.010854308739812616], [0.01793058178878864, 0.008478391716056636, 0.015664736366598632, 0.00842499680426572, 0.9428989145266372, 0.006602378797653097], [0.00914358478384656, 0.004382130704598489, 0.9697532230183381, 0.00447222668675017, 0.008749686806186107, 0.0034991480002805717], [0.016658771611981992, 0.008289378190135274, 0.01265473756398576, 0.008065284680388205, 0.9479905538855588, 0.006341274067950124], [0.005380993928949752, 0.003541559679575644, 0.003403387490951368, 0.002967615523868117, 0.0034404604215648262, 0.9812659829550903], [0.011407348768524596, 0.005477747015144908, 0.9555821563973151, 0.005592286927314375, 0.01755905145540252, 0.004381409436298386], [0.0049186562785306105, 0.983289949292445, 0.0037997319994805124, 0.0027696675587007705, 0.0030991910441579263, 0.0021228038266854123], [0.005380993890228583, 0.0035415596831851665, 0.003403387474272289, 0.0029676155175333086, 0.003440460428893371, 0.9812659830058873], [0.035944028743699064, 0.018177247912452288, 0.02902016335929452, 0.01865938793612305, 0.8834586024056783, 0.014740569642752818], [0.015975251503725814, 0.00917553160961158, 0.012902692806773816, 0.008305278462185001, 0.9468744091849131, 0.006766836432790742], [0.02022439089445654, 0.008008552073522884, 0.015252712347516054, 0.008070089332790608, 0.9421511774080974, 0.006293077943616598], [0.01949840027615394, 0.008485442444061703, 0.01454216305595407, 0.008604672607269293, 0.9421623625177664, 0.006706959098794557], [0.00951453530278264, 0.005124463859380893, 0.965196031806888, 0.004948432917608658, 0.011292886384961938, 0.003923649728377939], [0.01207670965052487, 0.007517234950879137, 0.9599155334598374, 0.00650781210362089, 0.008436695046322454, 0.0055460147888153725], [0.005380994182675665, 0.003541559883424919, 0.003403387707260583, 0.002967615684424541, 0.0034404607487798448, 0.9812659817934345], [0.019849869215695107, 0.009123383281372233, 0.015570208878980335, 0.009297245086312526, 0.9389800801837724, 0.007179213353867409], [0.01706371640849387, 0.011631852850341538, 0.011392791613882727, 0.008768842554602908, 0.9207595082366372, 0.03038328833604174], [0.012204584296250766, 0.006073529469337119, 0.9482498676538836, 0.006097158238789937, 0.02257579780053478, 0.004799062541203852], [0.02596925884147239, 0.016625120383116115, 0.02055518287339724, 0.01743604098538641, 0.9085600881156032, 0.01085430880102461], [0.016362474883424148, 0.008482984504871963, 0.010871377942757506, 0.007893399065658717, 0.9501522619301469, 0.00623750167314088], [0.025969258716680457, 0.016625120034957343, 0.020555182801490303, 0.017436040726914966, 0.9085600890623603, 0.010854308657596717], [0.01581216671442838, 0.007750285981910214, 0.010570270288724317, 0.007443202213286359, 0.9525976683576657, 0.005826406443984974], [0.005533786140016189, 0.9815056294177181, 0.0035816904947785057, 0.0031962265957483148, 0.003830636180879475, 0.002352031170859296], [0.017633554773932712, 0.008192485485944314, 0.01577319802895356, 0.008318832807586508, 0.9435871403931118, 0.006494788510471198], [0.017777465642447143, 0.00968760452149523, 0.014652303240392855, 0.00887836830382629, 0.941859198599533, 0.007145059692305479], [0.01601656737665252, 0.007990817858346126, 0.011061230688080848, 0.007804232115179918, 0.9511159065383609, 0.006011245423379821], [0.01340922362197583, 0.00649010566143984, 0.9432474770236612, 0.006621519201157376, 0.025040791652827746, 0.005190882838937989], [0.016307419705938613, 0.008206879387512942, 0.011027723007941545, 0.00791394616949249, 0.9504845531715798, 0.006059478557534715], [0.017673161198681304, 0.01231896135992233, 0.01167303815648435, 0.009082565633301697, 0.909615942422557, 0.039636331229053516], [0.01717307062494234, 0.008749571915910886, 0.012842496919330313, 0.008225999657312124, 0.946532591287243, 0.006476269595261326], [0.01813147937284838, 0.008255794108991863, 0.014148152251732172, 0.008311652765457006, 0.9445932833516111, 0.006559638149359383], [0.01822508174601321, 0.00848141301268764, 0.019238070094989446, 0.008593925337734842, 0.9388380482336711, 0.0066234615749037815], [0.015401849092348744, 0.008042470745367002, 0.010523250495106481, 0.007583251782119688, 0.9524266262099488, 0.0060225516751094285], [0.0058857332810911475, 0.9743056027688362, 0.003742688396545005, 0.003338533466631098, 0.003891517410014357, 0.008835924676882361], [0.016032798658630946, 0.007830285786892006, 0.012296993233170319, 0.007841802666771596, 0.9498174084699148, 0.006180711184620242], [0.01514118766237951, 0.007639599472336067, 0.011640223621211275, 0.0073374158211054995, 0.9524286961749908, 0.005812877247976789], [0.009833023614195713, 0.00471237082351799, 0.9656349606738894, 0.0048090300390378465, 0.011243633042680586, 0.003766981806678486], [0.01595480448552883, 0.008629983377863066, 0.010550246098372691, 0.007930613656416998, 0.950622561753142, 0.006311790628676481], [0.01664395750023766, 0.011347563491992006, 0.011281624283644364, 0.008681258258177966, 0.9319532313149467, 0.02009236515100123], [0.015968182997703605, 0.007686222784945047, 0.012591978198938944, 0.007705705393463553, 0.9500007880818175, 0.006047122543131295], [0.010731437525942591, 0.005425524041264821, 0.9573644350367874, 0.005388421297945842, 0.016864369786661303, 0.004225812311398162], [0.015017792127026891, 0.007960834300305732, 0.01114703921891796, 0.007679231017672854, 0.9522203065859914, 0.00597479675008518], [0.018320249267808817, 0.011004696224426038, 0.01594578911350825, 0.009615313250433024, 0.9371984280794962, 0.007915524064327679], [0.01615996562547896, 0.008591476232580343, 0.010796537566213772, 0.00793735212213328, 0.9501994557807485, 0.006315212672845314], [0.01738043506137593, 0.013431030137656988, 0.012404495690597619, 0.009344666804640064, 0.08807658279229545, 0.8593627895134339], [0.01620215414958699, 0.009378820596281074, 0.012042741834151108, 0.008354566205834607, 0.9471805180168495, 0.006841199197296686], [0.0061811069643085085, 0.003956926382022492, 0.003929764385701922, 0.9690806402901294, 0.004069311550748781, 0.012782250427088766], [0.035944021496412806, 0.01817724730267391, 0.029020157567170916, 0.018659385539000876, 0.8834586196494492, 0.014740568445292411], [0.017224762746483126, 0.011832175504625685, 0.011470453378755588, 0.008854079784132952, 0.9176717795475294, 0.032946749038473146], [0.01716970927163622, 0.008195700589631642, 0.018976368954014, 0.008149914490676037, 0.9410664654187149, 0.006441841275327308], [0.01862511573002089, 0.008131722385842342, 0.018478562946162083, 0.008249055879299286, 0.9400982984893245, 0.006417244569350886], [0.017431340633030083, 0.008603279700868941, 0.01458253136271471, 0.008365471208965223, 0.9443664904432062, 0.006650886651214846], [0.01873675251480881, 0.00904721298528169, 0.01682969518384095, 0.00881089436433137, 0.9396225439926392, 0.0069529009590980325], [0.02362988133071793, 0.010711992186793659, 0.02666092318752707, 0.010602579564086785, 0.9201365361089696, 0.008258087621905042], [0.017899407662938686, 0.00823139127338995, 0.014478598743690348, 0.008158923187520956, 0.9447725558172022, 0.00645912331525779], [0.01297550937739507, 0.006265525226508565, 0.9441984988151699, 0.006514335207130354, 0.024993391310142162, 0.005052740063653969], [0.018869863222678546, 0.009032004219811693, 0.015962669888486884, 0.00886843349215452, 0.9403488212863405, 0.0069182078905279006], [0.010199496197551906, 0.005033450020988829, 0.964741315348241, 0.005108250201567709, 0.010924822733953331, 0.003992665497697142], [0.0029662546502136795, 0.001591591163812831, 0.0018678011679829206, 0.9905506682122037, 0.0017582549808874653, 0.0012654298248992654], [0.017994959867329244, 0.013991156062010348, 0.013032739216125647, 0.009724700192348721, 0.15761015843052423, 0.7876462862316618], [0.02098207077806511, 0.009369392754475334, 0.01671280763971181, 0.009105842781513777, 0.936691732535865, 0.007138153510368974], [0.0053809939003542865, 0.0035415596940490536, 0.00340338749653667, 0.002967615536010854, 0.003440460450918223, 0.981265982922131], [0.01593390182003407, 0.009348514284499553, 0.010758756524979794, 0.008202519519832219, 0.94903945990358, 0.006716847947074387], [0.016277572129123993, 0.007583397232990065, 0.013308564258808383, 0.007642086305546372, 0.9492177292861322, 0.005970650787399116], [0.019460929883161986, 0.009124981409412383, 0.028857932383352772, 0.008880474576512164, 0.9266851466854765, 0.006990535062084214], [0.0167209728356069, 0.008284010715739436, 0.014437720652929099, 0.008265471951035852, 0.9457813480542123, 0.006510475790476396], [0.01615461344158966, 0.008372844389960672, 0.014266179774419947, 0.007973649376594562, 0.9468188288465056, 0.006413884170929577], [0.018957848111432512, 0.008488543788501083, 0.01776716097343223, 0.008503975613549031, 0.9396278583884928, 0.006654613124592332], [0.01575130946458554, 0.007852309727262686, 0.011655583874557954, 0.007535971593088766, 0.9512449741370456, 0.005959851203459578], [0.017083968721899007, 0.008868775846197496, 0.014206263678758975, 0.008387123711414061, 0.9448162902608676, 0.006637577780862981], [0.019247480896649183, 0.008329901930191879, 0.01709327701916176, 0.008381596084053752, 0.9404244726646848, 0.0065232714052585765], [0.017969285613115553, 0.00831006131278142, 0.014019429273141343, 0.008202093508705014, 0.9450551432841882, 0.006443987008068601], [0.015838934071941476, 0.008078158692900643, 0.01171294376454064, 0.007791193317051445, 0.9504127745961265, 0.006165995557439333], [0.04426511166809083, 0.022439053450126083, 0.03340418139667375, 0.023043294813791, 0.8586481890173148, 0.01820016965400357], [0.016969607547912203, 0.009230856772092979, 0.011061915619234038, 0.00839037791570495, 0.9476630541726649, 0.006684187972390861], [0.0036021740766718937, 0.9883662808545312, 0.0022739571662463184, 0.0020344233254049023, 0.002188037718327625, 0.0015351268588178627], [0.025687192570682943, 0.00943233523720085, 0.014492310730149038, 0.008759393571907918, 0.9345760907825834, 0.007052677107475797], [0.003162204926685904, 0.0016629738745787186, 0.9902175789028231, 0.0017173458018748876, 0.001889589429236453, 0.0013503070648009778], [0.016548999933506954, 0.009025245050995471, 0.014639310459198885, 0.008215337792542458, 0.9448801465336574, 0.006690960230098867], [0.01710713134504603, 0.007884555094796129, 0.013641446865184917, 0.008026457949489398, 0.9470735202925653, 0.006266888452918384], [0.005380993814398679, 0.0035415596447856234, 0.0034033874371269517, 0.002967615484724343, 0.003440460347762319, 0.9812659832712021], [0.013526645993364022, 0.0075014812186217136, 0.9297522019717506, 0.0071771176655510294, 0.03627086049112974, 0.005771692659582785], [0.01693708616013867, 0.008378860896106517, 0.05325646422893119, 0.008543240478919177, 0.9062555512329957, 0.006628797002908654], [0.01723399098687529, 0.009364917829523705, 0.0140060437691055, 0.008557475065564792, 0.9439444554792341, 0.00689311686969661], [0.0191972527914796, 0.008607168465080594, 0.01612797010926036, 0.008676323975908902, 0.9406334326191965, 0.006757852039074134], [0.005380993759524771, 0.0035415595997751364, 0.0034033873978045505, 0.0029676154477590775, 0.0034404602865190847, 0.9812659835086174], [0.00538099391487656, 0.0035415597034027277, 0.003403387463346267, 0.002967615530166755, 0.0034404604600522266, 0.9812659829281554], [0.016334275215317932, 0.008315978103789645, 0.01198606362013865, 0.008026402941765015, 0.9489708091675001, 0.006366470951488614], [0.005380993981958174, 0.003541559733212578, 0.003403387509407204, 0.0029676155554013693, 0.0034404605074985703, 0.9812659827125222], [0.03594402559034889, 0.01817724387353694, 0.029020159669511093, 0.01865938428694173, 0.8834586199270894, 0.014740566652571807], [0.005380994483900751, 0.003541560060451114, 0.003403387991002785, 0.002967615831669284, 0.0034404610475075193, 0.9812659805854685], [0.015454143243371174, 0.00806572589922953, 0.011419162512246565, 0.0077555784954814345, 0.9511744993363271, 0.0061308905133441545], [0.017000814245088137, 0.00969482074839329, 0.015399849999432409, 0.0086768191674747, 0.9421197573033413, 0.0071079385362701605], [0.004304822844588368, 0.002304249949395062, 0.0027653408743391625, 0.9860645339934925, 0.002703231647726227, 0.0018578206904588568], [0.017433099711365307, 0.009283472795502429, 0.011610958031553043, 0.008557426909654246, 0.9463071255733344, 0.0068079169785905036], [0.0181329152445257, 0.008654496651558633, 0.013553840948027938, 0.008653650265002305, 0.9444492256415062, 0.006555871249379254], [0.015572506148366222, 0.007729810210988059, 0.010749179304827921, 0.007322064257327079, 0.9528335340701619, 0.0057929060083287435], [0.015058877676606512, 0.007752714116166294, 0.010321523642211733, 0.007327554416685477, 0.9537712506801163, 0.005768079468213722], [0.01835160316177316, 0.008529756350817926, 0.014848567599414176, 0.00834761135931634, 0.9433975037458683, 0.006524957782810061], [0.01583223736418877, 0.008268646603293121, 0.010670790112943486, 0.007753567963837508, 0.9513681761408578, 0.006106581814879317], [0.016763610118449224, 0.008411038874945759, 0.010984011020354595, 0.007984409029107315, 0.9496144803376815, 0.006242450619461732], [0.009002954658178849, 0.004313611772754223, 0.9703901370827634, 0.0044018748387450925, 0.008447089972189318, 0.003444331675369046], [0.021124222680302413, 0.00914127658784714, 0.01631950351278255, 0.009165315688069664, 0.9370841026017888, 0.007165578929209459], [0.017853355771613413, 0.007831783244267832, 0.015477964934672172, 0.007886132624643308, 0.9448309891724721, 0.006119774252331216], [0.03906399926530976, 0.01993195199581918, 0.03772728986886383, 0.044105340299391144, 0.838189878401055, 0.020981540169561105], [0.017102654848836833, 0.008131164432715218, 0.01455049837915639, 0.008217022783735192, 0.9455698843014337, 0.006428775254122535], [0.018774149780024976, 0.010028282483488348, 0.01504360920420695, 0.009333645279007922, 0.9393234356157941, 0.007496877637477558], [0.01680054041663719, 0.0091355396735272, 0.010942782470216402, 0.008317860835890055, 0.9481781884326856, 0.0066250881710436145], [0.01623881443428428, 0.00856899342370811, 0.012184872783510579, 0.007935697993329119, 0.9487868073692581, 0.006284813995909705], [0.01696775959973856, 0.009230842626591134, 0.011058474366262517, 0.008389820479485468, 0.9476695372122463, 0.0066835657156759185], [0.0029662538355520844, 0.001591590747801693, 0.0018678005790554644, 0.990550670935684, 0.0017582544105890071, 0.0012654294913177916], [0.01796356840054932, 0.008915058015333384, 0.014300058200925418, 0.008659641977593094, 0.94334131851442, 0.006820354891178669], [0.01702322589186915, 0.008840741186393969, 0.011289760731840097, 0.008250124693600022, 0.9480536880961171, 0.0065424594001796035], [0.016454198410532556, 0.008915390764227456, 0.010837536868917409, 0.008151276930386621, 0.9491500567286132, 0.006491540297322813], [0.015733058960983256, 0.008352092903681605, 0.010612728869790132, 0.007742189687404033, 0.9514022220668358, 0.006157707511305132], [0.014149589296421733, 0.006456376034736151, 0.9319586433820207, 0.006542506506229634, 0.03578656601625125, 0.005106318764340486], [0.01587869228571276, 0.008080117502414894, 0.01100737822261157, 0.007672949514194837, 0.9513001317334925, 0.006060730741573428], [0.005885732971896369, 0.9743056045949468, 0.003742687866056063, 0.0033385332909245326, 0.0038915170571414913, 0.008835924219034844], [0.016007124986514354, 0.0086902984175395, 0.015346060122600265, 0.008108119843407329, 0.9453316021101172, 0.006516794519821284], [0.002966254949376031, 0.0015915913468789373, 0.0018678013448171153, 0.9905506671767675, 0.0017582552161039139, 0.0012654299660564993], [0.0029662537959264635, 0.0015915907217282602, 0.001867800553486527, 0.9905506710743779, 0.0017582543827442231, 0.0012654294717365044], [0.01574805460188669, 0.008259199095353413, 0.010679852794027974, 0.007702209369409904, 0.9515138649478406, 0.006096819191481396], [0.01739169171394829, 0.008683833503375043, 0.01133181223492994, 0.00824652913055155, 0.9478913003333277, 0.006454833083867549], [0.0036021737765595113, 0.9883662819241458, 0.002273956933495321, 0.00203442315368487, 0.0021880374834415367, 0.0015351267286727957], [0.016151980242929145, 0.008307051809533384, 0.010876578493216266, 0.007849552520346293, 0.9505189220056812, 0.006295914928293657], [0.0038545498305026615, 0.002075269036377664, 0.9879615207343743, 0.0020908991931720498, 0.002354343477631617, 0.001663417727941735], [0.017220126028589126, 0.011828578195799638, 0.011428673443812843, 0.008852698655259644, 0.9177699425811189, 0.032899981095419875], [0.010215782985625872, 0.005255477177861123, 0.9641037965921564, 0.005197162925032739, 0.011123297821030435, 0.004104482498293507], [0.00538099374236577, 0.0035415595957643048, 0.003403387342793317, 0.0029676154403098383, 0.0034404602839354453, 0.9812659835948314], [0.01615760130329074, 0.008518993522764385, 0.011306683711776821, 0.008027302997686682, 0.9496147134322618, 0.006374705032219691], [0.0036021740599930198, 0.9883662808747431, 0.002273957206799031, 0.0020344233108205356, 0.0021880377004258452, 0.0015351268472185032], [0.019689077503213616, 0.009887196465786945, 0.017162933405775356, 0.009563517685181069, 0.936214374864848, 0.007482900075194998], [0.015561524249401704, 0.008245239164741701, 0.010450727882271062, 0.007665180311498737, 0.9519811590255962, 0.006096169366490542], [0.017028988181868314, 0.009270894070591083, 0.011090063713832157, 0.008417511397169456, 0.9474873329957875, 0.006705209640751483], [0.012416123204247677, 0.0057723218032867275, 0.9487972097376312, 0.0058276232178143, 0.022629142860687998, 0.004557579176332229], [0.005224975364217409, 0.04666498070091957, 0.0033205607691436253, 0.9392405055684127, 0.0033278567645985274, 0.0022211208327082444], [0.005380993847326792, 0.00354155965918602, 0.0034033874132206655, 0.0029676154932750795, 0.0034404603863549244, 0.9812659832006365], [0.016731570024904028, 0.008107820632874038, 0.012764261506444798, 0.008001259540170233, 0.948079099429875, 0.006315988865732027], [0.005380993768865698, 0.003541559612713046, 0.0034033873624264564, 0.002967615454452226, 0.003440460311625837, 0.9812659834899167], [0.003602173837146648, 0.9883662817107803, 0.002273956993717486, 0.0020344231851225076, 0.002188037521886593, 0.0015351267513464], [0.017028988187051168, 0.009270894073464491, 0.01109006387528983, 0.008417511399618839, 0.9474873328218606, 0.00670520964271513], [0.013867960043050721, 0.007472689051102153, 0.9443569594008775, 0.007064462439138312, 0.021512647270058607, 0.005725281795772789], [0.03891547834185685, 0.01970425359324358, 0.02908286277345929, 0.02025582026565506, 0.8760613587705856, 0.01598022625519974], [0.015423083728637207, 0.8959503988899922, 0.010149240083761913, 0.008250534540166287, 0.05228636886991774, 0.01794037388752463], [0.015252294005693785, 0.008884904866597432, 0.010371513837329127, 0.007869803728516454, 0.9511912303172422, 0.006430253244620999], [0.016006789274878794, 0.008082814284070868, 0.010918623554805704, 0.0077606270355805775, 0.9512574169043503, 0.005973728946313767], [0.01643311115341165, 0.008070675481940218, 0.013949504944853352, 0.00795567001155827, 0.9473600904261937, 0.006230947982042644], [0.015937323288575146, 0.007749338986063318, 0.011879985455509329, 0.007560721546864732, 0.9509444315263834, 0.005928199196603964], [0.015686685504337806, 0.00826221504512383, 0.01057452013977893, 0.00768626379004678, 0.9516760671359638, 0.006114248384748918], [0.005885732860511022, 0.9743056051621277, 0.003742687735897998, 0.0033385332358764537, 0.003891516951498618, 0.008835924054088324], [0.01159290523309517, 0.005583108336809221, 0.9579742957088861, 0.0056507693957340115, 0.014765999618742533, 0.004432921706733075], [0.024135394594722987, 0.011269177458032823, 0.012973129402228592, 0.011044488862441975, 0.9318934853616382, 0.00868432432093539], [0.012076712941988036, 0.007517237469351174, 0.9599155212728314, 0.006507813913807008, 0.008436697881454533, 0.005546016520567811], [0.0036021738994210417, 0.9883662814961346, 0.0022739570271702045, 0.002034423219818137, 0.002188037578784538, 0.0015351267786714259], [0.003162204930595433, 0.001662973872198978, 0.9902175789185729, 0.0017173457979574786, 0.0018895894188283384, 0.0013503070618468953], [0.015448183506025804, 0.00794657775118528, 0.011679334675896795, 0.007622855123054661, 0.9512239259900256, 0.006079122953811806], [0.01661182505845652, 0.009307429014911108, 0.014125587798726705, 0.008645962950758548, 0.9443021974210128, 0.007006997756134227], [0.005885732788476104, 0.9743056054739891, 0.0037426877157648937, 0.0033385331974357404, 0.0038915168535916473, 0.008835923970742485], [0.016655752441206473, 0.008584856566968502, 0.013133128340752106, 0.008324057142111214, 0.9467153290864245, 0.0065868764225371695], [0.017739117581297453, 0.008430760194237339, 0.01362835447771079, 0.00842443676952621, 0.945198461733873, 0.0065788692433551895], [0.0031622053489390673, 0.001662974115529552, 0.990217577496247, 0.0017173460386515904, 0.0018895897454263583, 0.0013503072552066206], [0.01574823033333647, 0.008525045450529872, 0.013413961685333835, 0.008103704944896862, 0.9476504756206727, 0.006558581965230144], [0.01702198293118495, 0.01159967436909819, 0.011429860745941569, 0.008797560362172125, 0.9225044851036635, 0.028646436487939672], [0.018674269792919147, 0.008860577774888032, 0.01597454675488418, 0.008990868064187653, 0.9404634476230276, 0.00703628999009343], [0.015852134779738094, 0.007858384187494842, 0.010805615334550243, 0.007422187584493771, 0.9521887206292158, 0.005872957484507137], [0.016556501915145717, 0.008979886584297641, 0.010872520534140982, 0.00819802784795042, 0.948864651836112, 0.006528411282353259], [0.016596810579826933, 0.008470789463376975, 0.01129023019736399, 0.008010815943389305, 0.9492735955295474, 0.006357758286495494], [0.0036021736933063934, 0.988366282211869, 0.002273956876988595, 0.002034423107697642, 0.0021880374162414626, 0.0015351266938969119], [0.011504546732904205, 0.005911593938806485, 0.9523366673445102, 0.005900745120038584, 0.01976108043117244, 0.0045853664325679845], [0.017590654975641763, 0.009250645311876846, 0.011615799800716892, 0.008615364410769336, 0.9461023301743211, 0.006825205326674052], [0.015233440721582076, 0.007596967262056964, 0.012368618030748133, 0.007525028161200406, 0.9513089982002446, 0.005966947624167847], [0.026750866012025115, 0.013337774058113563, 0.01943755496556215, 0.013633006045408156, 0.9158729232355096, 0.010967875683381261], [0.017141185622875997, 0.01175091339162276, 0.011390552787439558, 0.008814265449031959, 0.9188515996868154, 0.032051483062214274], [0.017705861809494544, 0.013640087242308564, 0.0126745367998751, 0.009481805417392348, 0.16932013720806088, 0.7771775715228685], [0.015486425954178951, 0.8932634081160096, 0.010171142371674024, 0.008177322859249093, 0.06655066756914976, 0.006351033129738533], [0.015275837642938916, 0.0072250889653938935, 0.01067469078079186, 0.00710572366888852, 0.9541678600245282, 0.005550798917458518], [0.017416499042164982, 0.008520936131788153, 0.013241917845898692, 0.00826812437368337, 0.9460517757564394, 0.006500746850025326], [0.018910848855860748, 0.009692195128643713, 0.015280490190687286, 0.009675454532330739, 0.938861282169058, 0.007579729123419638], [0.020167423349043933, 0.008097488851684001, 0.015564161812693692, 0.008144026401039043, 0.9416859497795556, 0.006340949805983738], [0.015858929593947663, 0.007964872145303496, 0.010653454665012512, 0.00762702388241065, 0.9519302113389795, 0.005965508374346285], [0.016695670920479903, 0.009462890994017877, 0.014907171002511026, 0.008270946128886833, 0.9439509444708454, 0.006712376483259091], [0.029811732622200687, 0.010022872370226863, 0.016734782375637244, 0.010062378015346297, 0.9255773193945838, 0.007790915222005187], [0.978798159945685, 0.00355026475164039, 0.004595324355233756, 0.0035887172649798843, 0.006647606290198231, 0.0028199273922627855], [0.02044859469907665, 0.010563579285570024, 0.01466735275859333, 0.009477294776280733, 0.9371030615257735, 0.007740116954705743], [0.002966255478868526, 0.001591591553015594, 0.0018678016190691552, 0.9905506656940475, 0.0017582555222595815, 0.0012654301327396228], [0.01844402123026824, 0.009235737389134455, 0.0156262995829668, 0.00918572697024827, 0.9402826651538237, 0.00722554967355855], [0.01859454053928856, 0.008574522588322132, 0.016651215896057812, 0.008555127004868131, 0.9410008869047723, 0.0066237070666910185], [0.01892618667523579, 0.009019313694457866, 0.0183966446638604, 0.008918154939372447, 0.9377514791712827, 0.006988220855790822], [0.016238132718226102, 0.008786106948921112, 0.010720766517665242, 0.008052545184429452, 0.9497911062364838, 0.006411342394274244], [0.015889428465725153, 0.008320053296056232, 0.010673669508976195, 0.0077882256856664014, 0.9511801576388235, 0.006148465404752519], [0.01764336854274508, 0.007642041360491776, 0.01591372679096988, 0.00770946561927027, 0.9450826148215156, 0.006008782865007459], [0.005380993883942102, 0.0035415597015707803, 0.003403387439471792, 0.002967615520291682, 0.0034404604309415166, 0.9812659830237822], [0.01207671176957358, 0.00751723601347235, 0.9599155252842423, 0.006507813180375031, 0.008436698055350815, 0.0055460156969858905], [0.01932727544294319, 0.009043850518254754, 0.01799322027192519, 0.008859054091330858, 0.9378592383686869, 0.00691736130685908], [0.014556527963793702, 0.007795668134571486, 0.9233502164386982, 0.00742908279586294, 0.04092928771146832, 0.005939216955605424], [0.01779715773876542, 0.009132157892039626, 0.015430331537400923, 0.008737110749635808, 0.9420268068751912, 0.006876435206966937], [0.01748285810957057, 0.008555154044469337, 0.014425790964079801, 0.00839909585922569, 0.9444989229237625, 0.0066381780988921165], [0.017716732145326913, 0.008658797941705747, 0.02061354136510969, 0.008525480413195088, 0.937732269846896, 0.006753178287766578], [0.021913351518816127, 0.009800596120842458, 0.019260631676380566, 0.009819877932423076, 0.9315821010391626, 0.007623441712375185], [0.015815654171155803, 0.008396746328263854, 0.010705138827659754, 0.007776974841453737, 0.9511200475580858, 0.00618543827338099], [0.025969258173140768, 0.016625119515748667, 0.020555182450085512, 0.01743604016520387, 0.9085600912680017, 0.010854308427819445], [0.016573765281026505, 0.009922417528865697, 0.013806053155714025, 0.008800989570406518, 0.9436788441274605, 0.007217930336526717], [0.016936850948029835, 0.009218278505114327, 0.011026391695299143, 0.008377890756931246, 0.9477675714694571, 0.006673016625168168], [0.012591459472021583, 0.0066026964741540215, 0.9467283750698481, 0.006457557832363401, 0.022616324831981033, 0.0050035863196319355], [0.00360217402794371, 0.9883662810614362, 0.0022739571010258423, 0.0020344232927730545, 0.0021880376811681556, 0.0015351268356529294], [0.017272851176632402, 0.00836579252344538, 0.013337660691650807, 0.008273671213082161, 0.9462096747876327, 0.006540349607556543], [0.0036021741867198623, 0.9883662805361184, 0.0022739572115151718, 0.0020344233714321798, 0.0021880378003424875, 0.0015351268938719022], [0.01689341495837609, 0.008216881555396552, 0.014128048349849341, 0.008277960672231903, 0.9460245100730255, 0.006459184391120723], [0.007260797215413537, 0.9263115059203237, 0.004647340972452551, 0.04636435362236238, 0.00504624850991366, 0.010369753759534285], [0.03594402452777666, 0.01817724415320203, 0.029020160452480355, 0.01865938451395343, 0.8834586194738796, 0.014740566878707895], [0.03732433373520578, 0.019027671000224042, 0.027644275587770707, 0.01956128136539448, 0.8810102997226643, 0.015432138588740717], [0.018391944886354053, 0.009606473197170833, 0.01574569682135308, 0.008957961470061912, 0.9401944857596636, 0.007103437865396418], [0.015617462382365542, 0.007086820324881104, 0.011300770053150753, 0.007030685888350854, 0.9534307422175012, 0.005533519133750448], [0.03732431944351434, 0.01902766465267857, 0.02764426325455317, 0.019561274839333037, 0.8810103443307445, 0.015432133479176187], [0.0058857329464632275, 0.9743056047731656, 0.003742687821122251, 0.0033385332734608914, 0.0038915170198239846, 0.008835924165963873], [0.0156333920831691, 0.007987141294973337, 0.01185137501441944, 0.007636127326723957, 0.950782282792673, 0.006109681488041259], [0.023363738381597183, 0.00958556431706794, 0.016673901902096156, 0.009540032776866535, 0.9334198801842576, 0.007416882438114634], [0.03493632417877977, 0.01791327292106794, 0.025989334378280916, 0.018429857752648993, 0.8881998669761757, 0.014531343793046707], [0.01727845091494176, 0.008613475315166846, 0.01575048145017779, 0.008449662742671645, 0.9432302017077013, 0.006677727869340579], [0.0029662540348132224, 0.001591590836292811, 0.0018678007038355658, 0.9905506703298584, 0.0017582545323450633, 0.001265429562854812], [0.01574875659544995, 0.008270445548016148, 0.011848675732902908, 0.007924394646524181, 0.9499947867018217, 0.006212940775285185], [0.0029662541373392647, 0.0015915909060948484, 0.0018678007811686673, 0.9905506699289551, 0.00175825462840971, 0.0012654296180323928], [0.017237331729761853, 0.008413626766888381, 0.011151587133123612, 0.007896982122639676, 0.94902441482262, 0.006276057424966396], [0.03891548589584132, 0.019704259032186595, 0.029082863699844516, 0.020255825017340304, 0.8760613360487288, 0.015980230306058472], [0.017759480903768488, 0.008911297425490792, 0.015890241177133498, 0.008629042526648846, 0.9420175378704696, 0.006792400096488708], [0.016209783162661057, 0.008332859556393533, 0.010971712070247226, 0.007959974168940192, 0.9504081026373985, 0.006117568404359595], [0.01732187495275809, 0.013400635566083334, 0.012356693273827846, 0.009329611075807652, 0.07478432201785679, 0.8728068631136662], [0.005380994015550534, 0.00354155976368383, 0.0034033875620846955, 0.002967615580708761, 0.0034404605572147437, 0.9812659825207574], [0.005380994750743071, 0.0035415602294860634, 0.0034033881283748717, 0.002967615975445041, 0.0034404613408972056, 0.9812659795750538], [0.019616019227553474, 0.00960843220144432, 0.015163389147916798, 0.008924213517506193, 0.9395229176572659, 0.0071650282483133295], [0.01724487324400423, 0.009289534126226934, 0.012418236031775394, 0.008428590126471744, 0.945767225693144, 0.006851540778377723], [0.07512245793434084, 0.007394707742415855, 0.010584701823502548, 0.007190377869481457, 0.8940643426288164, 0.00564341200144276], [0.01882081785471722, 0.00911796970970421, 0.015103641952387638, 0.00883582178573711, 0.9411603079126745, 0.006961440784779282], [0.017901391002098976, 0.008615392156716431, 0.015229804811313408, 0.008721245167097153, 0.9427230020012929, 0.006809164861481183], [0.005380995170424577, 0.003541560306424538, 0.0034033885729015233, 0.002967616029646459, 0.00344046139265819, 0.9812659785279447], [0.03183206031505694, 0.01587521819384278, 0.023108638035010502, 0.0162274414749003, 0.8997476039726425, 0.013209038008547058], [0.018418498433160877, 0.00849395817120652, 0.015260329831314184, 0.008628285096743954, 0.9424610081427124, 0.006737920324862129], [0.01832802136143671, 0.009015814255058924, 0.015645906527632227, 0.0087766952662955, 0.9413027996270306, 0.006930762962546115], [0.01752969598083854, 0.007739509616716487, 0.0147478997961215, 0.007774974816563513, 0.9461592492753044, 0.006048670514455587], [0.015839255250633726, 0.007662061019772218, 0.010742516579459092, 0.007428437099195476, 0.9525272595931682, 0.005800470457771448], [0.0173344156282407, 0.008056194814773088, 0.048620457082035516, 0.007844083362841826, 0.9118621229797866, 0.006282726132322114], [0.019148076477505573, 0.008540046344451758, 0.017846166926963968, 0.008547785244715951, 0.9392378119551277, 0.006680113051235081], [0.016748479004648792, 0.009110758938895461, 0.010896308474049666, 0.00829673166871123, 0.9483406352023976, 0.006607086711297157], [0.01629120393683026, 0.008725916048061874, 0.010827528960368038, 0.008021934278741552, 0.949747231272869, 0.006386185503129253], [0.015476866096280786, 0.007896509562895499, 0.010711794729025104, 0.00745662319320775, 0.9525396150048773, 0.005918591413713668], [0.01714675413417495, 0.011719342076943313, 0.011467281442485624, 0.008812283564005222, 0.9195672627732916, 0.031287076009099336], [0.02324456606588098, 0.013719927610424131, 0.8946052270682865, 0.014320754651259544, 0.04306992451977505, 0.01103960008437376], [0.018374116350330722, 0.008740995187269932, 0.015154927066279729, 0.008535186146038081, 0.942410199485015, 0.006784575765066469], [0.007105538663021328, 0.0046456365501827196, 0.004609647082657857, 0.00406875447050596, 0.004917143772109545, 0.9746532794615226], [0.01574654033519373, 0.007528155941506468, 0.011816962844353287, 0.007368243765225688, 0.9517606585041601, 0.005779438609560615], [0.025969258489986883, 0.016625120269444, 0.020555182579178172, 0.01743604072601068, 0.908560089194775, 0.010854308740605105], [0.004888151587224778, 0.0026758117977845023, 0.003152468327539041, 0.9839295898072062, 0.0032740192568400613, 0.0020799592234055204], [0.017188895242540976, 0.00856329508667846, 0.012